3 8 2808.823 1008.823
0 7 2385.294 585.2941
4 6 2385.294 1008.823
2 5 1114.706 161.7647
5 4 1961.765 585.2941
7 3 267.6471 161.7647
9 2 1114.706 161.7647
6 1 691.1765 585.2941
1 7 691.1765 1008.823
8 5 1114.706 585.2941
10 4 1114.706 1008.823
0 3 2385.294 585.2941
11 6 2808.823 161.7647
2 1 2385.294 585.2941
5 8 2808.823 585.2941
7 7 1961.765 1008.823
4 2 267.6471 1008.823
6 3 1538.235 1008.823
9 1 2385.294 585.2941
3 5 3232.353 161.7647
0 8 2808.823 161.7647
5 7 1114.706 161.7647
6 4 1961.765 1008.823
8 2 1961.765 1008.823
1 1 1114.706 1008.823
2 3 2385.294 585.2941
10 5 1114.706 161.7647
9 8 3232.353 1008.823
11 6 691.1765 1008.823
4 4 1961.765 585.2941
3 1 2385.294 1008.823
7 2 2385.294 1008.823
0 7 1538.235 585.2941
6 3 2808.823 161.7647
5 5 3232.353 161.7647
8 8 1961.765 161.7647
1 7 691.1765 585.2941
10 6 1114.706 1008.823
2 4 3232.353 1008.823
9 2 691.1765 1008.823
11 3 1538.235 1008.823
4 5 1961.765 1008.823
0 1 1961.765 585.2941
5 6 1961.765 585.2941
6 8 1114.706 585.2941
4 7 267.6471 1008.823
7 3 2808.823 161.7647
5 8 2385.294 161.7647
8 1 1538.235 1008.823
10 6 267.6471 161.7647
11 4 2385.294 161.7647
3 2 2385.294 1008.823
2 5 2808.823 585.2941
9 4 2808.823 1008.823
1 3 1114.706 161.7647
11 8 267.6471 585.2941
0 1 2385.294 161.7647
6 7 2385.294 161.7647
1 3 3232.353 585.2941
5 5 267.6471 585.2941
7 8 1961.765 161.7647
8 5 1538.235 1008.823
2 8 1961.765 161.7647
4 1 1114.706 161.7647
10 7 267.6471 585.2941
6 4 691.1765 161.7647
9 3 1114.706 1008.823
1 5 3232.353 585.2941
5 1 1961.765 1008.823
7 2 691.1765 161.7647
3 6 691.1765 1008.823
4 4 1114.706 161.7647
0 6 691.1765 161.7647
2 2 1114.706 161.7647
7 4 691.1765 585.2941
6 6 2808.823 161.7647
8 7 2808.823 161.7647
4 2 2385.294 585.2941
2 2 1538.235 1008.823
5 6 1114.706 161.7647
