5 8 2808.823 1008.823
6 7 2385.294 585.2941
3 6 2385.294 1008.823
1 5 1114.706 161.7647
0 4 1961.765 585.2941
4 3 267.6471 161.7647
8 2 1114.706 161.7647
2 1 691.1765 585.2941
9 5 1114.706 585.2941
10 4 1114.706 1008.823
7 3 2385.294 585.2941
11 1 2385.294 585.2941
0 6 2808.823 161.7647
1 2 267.6471 1008.823
4 6 691.1765 1008.823
3 7 691.1765 1008.823
8 2 1961.765 1008.823
2 3 1538.235 1008.823
0 8 2808.823 585.2941
6 3 2385.294 585.2941
1 5 3232.353 161.7647
5 8 2808.823 161.7647
7 7 1961.765 1008.823
2 6 1114.706 1008.823
10 1 2385.294 585.2941
9 4 1961.765 1008.823
0 2 2385.294 1008.823
8 3 2808.823 161.7647
5 8 3232.353 1008.823
3 8 1961.765 161.7647
6 3 1538.235 1008.823
4 6 1961.765 585.2941
7 5 1114.706 161.7647
9 2 691.1765 1008.823
11 1 1114.706 1008.823
1 4 1961.765 585.2941
5 7 1114.706 161.7647
8 5 3232.353 161.7647
2 3 2808.823 161.7647
7 7 1538.235 585.2941
10 4 3232.353 1008.823
0 2 2385.294 1008.823
6 6 267.6471 161.7647
1 3 1114.706 161.7647
9 8 1114.706 585.2941
4 1 2385.294 1008.823
8 4 2385.294 161.7647
5 7 691.1765 585.2941
2 5 1961.765 1008.823
11 3 3232.353 585.2941
1 2 691.1765 161.7647
3 6 691.1765 1008.823
1 5 2808.823 585.2941
7 7 267.6471 1008.823
10 6 691.1765 161.7647
2 4 2808.823 1008.823
8 3 1114.706 1008.823
6 8 2385.294 161.7647
0 5 267.6471 585.2941
3 7 2385.294 161.7647
11 6 2808.823 161.7647
1 4 691.1765 161.7647
5 5 1538.235 1008.823
4 1 1961.765 585.2941
8 2 1114.706 161.7647
9 6 1114.706 161.7647
2 4 1114.706 161.7647
10 2 2385.294 585.2941
11 8 267.6471 585.2941
0 5 3232.353 585.2941
8 2 1538.235 1008.823
1 8 1961.765 161.7647
7 7 267.6471 585.2941
6 1 1538.235 1008.823
5 4 691.1765 585.2941
3 8 1961.765 161.7647
0 1 2385.294 161.7647
5 7 2808.823 161.7647
6 1 1114.706 161.7647
5 1 1961.765 1008.823
