2 8 2808.823 1008.823 
0 7 2385.294 585.2941 
7 6 2385.294 1008.823 
9 5 1114.706 161.7647 
5 4 1961.765 585.2941 
4 3 267.6471 161.7647 
3 2 1114.706 161.7647 
6 1 691.1765 585.2941 
1 7 691.1765 1008.823 
11 3 2385.294 585.2941 
10 2 267.6471 1008.823 
0 4 1114.706 1008.823 
4 8 2808.823 585.2941 
3 1 2385.294 585.2941 
8 7 1961.765 1008.823 
5 4 1961.765 1008.823 
6 5 1114.706 585.2941 
2 4 1961.765 585.2941 
0 1 2385.294 585.2941 
7 6 2808.823 161.7647 
9 3 1538.235 1008.823 
5 2 1961.765 1008.823 
7 8 2808.823 161.7647 
1 6 691.1765 1008.823 
9 5 3232.353 161.7647 
10 3 2385.294 585.2941 
3 4 3232.353 1008.823 
11 8 3232.353 1008.823 
4 7 1114.706 161.7647 
6 1 1114.706 1008.823 
2 2 2385.294 1008.823 
7 5 1114.706 161.7647 
8 8 1961.765 161.7647 
9 6 1114.706 1008.823 
11 2 691.1765 1008.823 
4 5 3232.353 161.7647 
5 4 2385.294 161.7647 
7 3 2808.823 161.7647 
0 1 2385.294 1008.823 
10 6 1961.765 585.2941 
6 3 1538.235 1008.823 
3 7 1538.235 585.2941 
1 8 1114.706 585.2941 
7 5 1961.765 1008.823 
10 7 691.1765 585.2941 
2 4 2808.823 1008.823 
5 3 2808.823 161.7647 
4 6 267.6471 161.7647 
9 1 1961.765 585.2941 
6 5 2808.823 585.2941 
8 2 2385.294 1008.823 
7 7 267.6471 1008.823 
3 3 1114.706 161.7647 
11 4 691.1765 161.7647 
3 5 267.6471 585.2941 
5 8 2385.294 161.7647 
0 3 3232.353 585.2941 
4 2 691.1765 161.7647 
6 7 2385.294 161.7647 
2 5 1538.235 1008.823 
4 8 267.6471 585.2941 
10 4 1114.706 161.7647 
9 7 267.6471 585.2941 
11 2 1114.706 161.7647 
8 2 2385.294 585.2941 
6 1 1538.235 1008.823 
5 6 691.1765 1008.823 
11 6 691.1765 161.7647 
1 5 3232.353 585.2941 
10 7 2808.823 161.7647 
3 4 691.1765 585.2941 
2 8 1961.765 161.7647 
7 6 2808.823 161.7647 
0 2 1538.235 1008.823 
5 1 2385.294 161.7647 
10 3 1114.706 1008.823 
9 1 1114.706 161.7647 
3 8 1961.765 161.7647 
6 1 1961.765 1008.823 
1 6 1114.706 161.7647 
